583
484
717
624
949
702
660
991
816
923
705
489
76
854
378
699
684
63
232
330
39
598
801
781
612
787
662
772
878
677
879
965
341
401
775
486
802
119
356
57
223
106
299
454
186
852
143
536
772
911
715
120
522
768
87
830
272
203
64
875
699
843
370
177
551
93
870
421
789
359
569
576
182
633
209
743
400
429
677
359
763
890
634
251
699
395
636
368
579
8
462
65
162
789
311
638
197
53
747
420
923
729
719
582
917
705
308
797
21
736
315
931
339
688
223
569
669
360
471
968
57
693
239
248
101
628
181
973
93
982
626
422
109
89
990
221
797
539
552
265
42
184
581
952
960
853
602
535
293
931
675
811
763
795
715
794
99
686
336
110
602
571
170
354
212
936
768
768
433
272
935
950
308
407
677
363
250
642
370
825
76
373
487
964
880
972
685
108
512
124
752
947
134
857
400
735
147
791
683
966
868
423
901
422
907
426
792
905
973
861
818
995
759
283
23
320
618
478
849
34
475
692
563
435
336
824
208
265
2
216
286
187
516
992
850
748
906
630
239
119
287
220
84
498
279
854
124
543
378
93
680
553
989
214
534
996
441
885
903
700
856
309
482
875
756
71
31
380
865
603
766
801
745
234
451
893
45
508
239
921
538
280
515
22
796
921
231
433
270
318
482
751
189
309
318
156
132
702
906
394
726
132
505
881
149
416
434
8
534
602
870
962
571
52
665
526
790
668
466
516
809
51
234
93
793
720
149
771
128
32
780
162
647
197
33
108
964
715
925
154
808
143
987
893
742
471
482
440
68
223
878
476
334
955
212
344
973
115
295
805
398
283
928
837
192
678
240
617
512
23
466
506
492
502
162
459
422
857
39
182
269
45
747
16
59
197
686
256
899
773
568
139
152
892
289
149
149
209
594
464
601
383
288
756
923
143
14
391
892
267
128
91
50
245
703
636
905
833
323
161
782
197
379
376
701
560
574
683
0
984
574
432
820
142
339
508
428
640
307
772
253
851
59
767
264
709
508
841
392
193
22
928
258
455
557
739
956
137
880
506
280
564
365
877
111
32
429
624
99
976
678
768
332
176
355
588
162
812
300
890
862
174
350
309
632
665
730
788
272
412
746
855
8
958
618
670
779
805
660
692
788
638
548
53
738
667
962
315
502
770
541
982
395
999
487
669
133
400
479
47
121
812
817
900
777
